    5.1630507e-02  -4.7730506e-01
   1.0695476e+00  -1.3561005e+00
   1.9334233e-01   5.6631062e-02
   1.1031509e+00  -9.5390921e-01
  -1.6882997e+00  -1.7972604e-01
   1.0977915e+00  -6.6527074e-01
   1.8621156e+00  -1.2720926e+00
   1.8776912e+00  -7.0545863e-01
  -2.1004908e+00   1.3110256e+00
  -4.2451817e-01   2.1183621e+00
   1.1492579e+00   1.4546111e+00
   1.1750474e+00  -6.3735762e-01
   2.6301779e-01  -5.6706418e-01
  -1.6524231e+00  -2.2239730e-01
   9.5263334e-01  -7.0701380e-01
   2.6335690e-01   3.3762709e-01
  -1.7227114e+00   2.1972499e-01
   3.3159742e-01  -9.2549786e-01
   2.7403391e-01  -1.0381317e+00
   7.6138983e-01   2.8140078e+00
   1.0644527e+00  -1.9137388e-01
   2.1658956e-01   8.6705455e-01
  -1.4159370e+00  -2.8303720e+00
   1.8706522e+00  -6.9844737e-01
   1.1403467e+00  -1.1044381e+00
   9.2530378e-01  -1.1799321e+00
   1.0365881e+00  -1.3205468e+00
   8.8511084e-01   1.3888441e+00
  -9.2949027e-01   1.6602318e+00
   2.0333606e-01   1.0825673e+00
  -1.6509995e+00  -6.4095353e-02
  -5.1509214e-01   1.9819054e+00
   8.7758341e-01   1.4943375e+00
   1.0981595e+00  -1.0396679e+00
   1.1238736e+00   1.2278771e+00
   1.1480216e+00   6.0681268e-01
   2.3168317e-01  -5.5396031e-01
   1.5364628e-01  -1.3867141e-02
   1.1271291e+00  -1.1094871e+00
   2.9634226e-01  -7.1506129e-01
  -1.3190635e-01  -8.0222382e-01
  -1.7485680e+00   2.5612071e-01
  -5.1005064e-01   2.0603940e+00
   1.1631553e+00   1.2528808e+00
   2.2493392e-01   5.7829219e-01
  -1.6608932e+00   2.8925929e-01
   1.1095140e+00   1.2873504e+00
   2.1398661e-01  -5.5077570e-01
  -1.4508995e+00  -1.2972296e+00
   2.0316867e-01  -3.0188590e-01
   1.0931723e+00  -7.8544970e-01
   1.0519993e+00   1.2736137e+00
   1.1446436e+00   1.4032711e+00
  -1.6839289e+00  -1.7728431e-01
   1.8804930e+00  -6.6815789e-01
  -5.2635113e-01   5.5187600e-01
   1.9695081e-01  -5.5448170e-01
  -4.9369543e-01   2.0891620e+00
  -1.4382119e+00  -1.1004736e+00
   1.0843543e+00   1.0893682e+00
   1.6620020e-01   3.9298321e-02
   1.9001100e+00  -4.2773717e-01
   1.1138296e+00  -1.1560453e+00
  -1.2242269e+00  -2.5705800e+00
   1.5458837e-01   2.7656443e-01
  -1.6901792e+00   2.1191500e-01
   1.0510516e+00  -9.4826261e-01
   1.1336606e+00  -1.3358992e+00
  -1.7203941e+00  -3.1228803e-02
   1.0967803e+00  -6.4925251e-01
  -8.9602328e-01   1.5110069e+00
  -1.4726303e+00  -1.0975712e+00
   2.7236546e-01  -2.1071806e-01
  -1.4307134e+00  -1.1875803e+00
   1.0821018e+00  -2.9917823e-01
   2.5033170e-01   1.7130227e-01
   1.9704313e-01   5.0617846e-01
  -1.7459822e+00   1.9998342e-01
   1.0046462e+00   1.0207413e+00
  -1.6481657e+00   1.5843670e-02
   1.1652249e+00   1.1565252e-02
   6.7640628e-01   9.4276773e-01
   2.5602653e-01   9.5468191e-01
   1.1831081e+00   4.0977126e-01
  -2.1115370e-01  -6.5190076e-01
  -9.1623484e-01   1.4269435e+00
   2.9732461e-01  -2.9599018e-02
   1.1111724e+00  -1.0194427e+00
   2.4632637e-01  -3.3496673e-01
  -2.0306034e-01  -1.0497892e+00
  -1.6541956e+00  -1.4990267e-01
   1.0654983e+00  -7.9854108e-02
  -1.6971716e+00   2.4425312e-01
  -2.0996643e+00   1.3952913e+00
   7.7123818e-01   2.6107557e+00
   9.4119172e-01   1.1729114e+00
   1.8584391e+00  -8.0339071e-01
  -2.1182647e+00   1.2470073e+00
   1.2081524e+00   8.4413071e-01
   2.0409148e-01   5.4200047e-01
   1.0814597e+00   1.4315381e+00
   1.1834390e+00  -4.8572916e-01
   1.0019596e+00   1.8622662e+00
  -2.0945104e-01  -7.6886725e-01
  -1.4118500e+00  -1.1831304e+00
  -1.5926420e+00  -3.1965173e-01
  -1.4620344e+00  -1.3242820e+00
   1.1110772e+00  -1.2919340e-01
  -8.9314527e-01   1.7153567e+00
   2.6897586e-01   3.9239681e-01
  -1.6183402e+00  -3.7333758e-01
  -1.6544048e+00  -1.6149039e-01
   1.0095360e+00  -1.4806113e+00
   4.0731185e-02  -1.7859833e-01
   1.6635598e-01  -6.5752564e-01
   1.1506142e+00  -8.0474457e-01
   9.4270634e-01  -1.6513638e+00
  -1.6103387e+00  -3.5053804e-01
   1.7280198e-01   2.2873491e-01
   1.4234953e-01  -4.9214795e-03
  -2.1222126e+00   1.1841166e+00
   1.1115309e+00   1.0361493e+00
  -2.0086850e-01  -7.6242163e-01
   1.2077639e+00  -7.2030330e-01
   4.2755716e-02   6.0531958e-02
  -1.6535440e+00  -3.9772764e-01
   1.7317277e-01   4.6139580e-01
   1.7206287e-01  -3.8268918e-01
   1.1440890e-01  -6.1923160e-01
   1.1428518e+00  -1.2473902e+00
  -4.2053280e-01   2.0521915e+00
   1.0384356e+00  -1.2924803e+00
  -9.2123361e-01   1.4372708e+00
  -1.6963620e+00  -2.3153641e-01
   1.1345098e+00   1.3035559e+00
   7.4854458e-02  -6.6660915e-01
   1.1439207e+00  -5.6510096e-01
  -1.5118442e+00  -1.2000870e+00
  -1.6497891e+00  -5.9142228e-02
   2.2734834e-01   9.2572237e-01
  -2.3155493e-01  -8.1463726e-01
   1.0764100e+00  -8.7545189e-01
   1.0980412e+00  -3.6615795e-01
   1.9693020e-01   5.6239345e-01
   1.0785386e+00   1.8427509e+00
   7.2587332e-02  -4.5705973e-01
  -1.4414352e+00  -1.1093490e+00
   1.0604886e+00  -1.2139208e+00
  -1.6319421e+00  -8.5793580e-02
   9.3629559e-01   1.7175754e+00
   1.5944825e-01   1.0096078e-01
   9.8736304e-01  -1.0028225e+00
   1.1860185e+00  -3.8213636e-01
  -1.7167842e+00   2.1479720e-01
   2.1198981e-01  -5.2252513e-01
  -1.4135798e-01  -6.2141344e-01
   2.9168139e-01  -5.3137374e-01
  -3.7841387e-01   6.9699136e-01
   3.9175995e-02   8.7742687e-02
   1.1085498e+00  -4.9156177e-01
   2.8841261e-01  -9.7914124e-01
   1.8600557e+00  -8.9938075e-01
  -1.6895688e+00   4.1831064e-01
   1.3480250e-01   1.4323917e-01
  -1.6563028e+00   3.9313178e-03
   5.2705185e-01   1.2054358e+00
  -1.7154194e+00   3.4630721e-01
   1.0643109e+00  -8.9902207e-01
   1.1597906e+00   2.8538563e-02
   1.1670608e+00  -1.0624089e+00
   2.3219046e-01   5.3588969e-02
  -1.6614753e+00  -1.0179440e-01
   1.7704649e-01  -4.9117946e-02
   2.6369336e-01  -1.9260847e-01
   1.1823517e+00  -1.4552767e-01
  -1.6981895e+00   5.4325037e-01
   1.1737689e+00  -2.7020668e-01
   2.2868577e-01  -2.4180383e-01
   1.1282998e+00  -7.8201903e-01
   1.0044814e+00   1.3251815e+00
   1.7413479e-01   1.2703140e-01
   1.4721814e-01   3.5924232e-01
   1.9274627e-01   5.2889166e-01
   2.2139756e-01  -1.0102107e+00
   1.2171641e+00   3.1459739e-01
  -9.1987371e-01   1.4886336e+00
   1.0827082e+00  -1.3095764e+00
  -3.3173307e-01  -2.8232010e+00
   1.0108820e+00   1.2695400e+00
   1.1071418e+00  -6.4272945e-01
   9.7645835e-01   1.7364199e+00
   2.6668027e-01   1.1909815e-01
  -1.3946073e+00  -1.2242217e+00
  -1.4617786e+00  -1.2557591e+00
   1.6700032e-01  -3.8880438e-01
  -1.6095848e+00  -6.2332885e-02
  -1.5137649e+00  -1.2143669e+00
   2.7477775e-01   1.0057883e+00
  -1.6469019e+00  -1.0865552e-02
   2.3563627e-01   6.2231981e-01
  -1.6384529e+00  -3.1907861e-01
   2.0919142e-01   1.0464652e+00
   2.7165785e-01   1.3338520e-01
   1.8699140e-01  -4.2630221e-01
   1.1113847e+00  -1.4971706e-01
   2.0473946e-01   4.3250532e-02
   1.1567291e+00  -6.0294749e-01
  -8.9879392e-01   1.4893039e+00
   2.3937134e-01   1.8098438e-01
   1.7049306e-01  -1.7960787e-01
   1.0766221e+00  -5.9130639e-02
   3.1737463e-01   9.2436346e-01
   1.1300146e+00  -8.8261075e-03
   5.7912404e-01  -1.6093348e+00
   1.0799737e+00  -5.1166625e-01
  -1.4239204e+00  -1.3486463e+00
  -1.6960786e+00  -5.0544698e-01
   2.9032878e-01  -3.9156693e-01
   1.1892325e+00  -9.1007408e-01
  -1.7445703e+00   2.3434334e-01
   1.1091608e+00  -9.1645683e-01
  -1.5830962e+00  -2.8976570e-01
   7.5610795e-01   2.1240235e+00
   3.5226735e-01  -1.1797192e-03
  -9.8349641e-03   1.5924515e-01
   1.1997513e+00   7.7553588e-01
   1.6668806e-01   5.4375667e-01
   2.1502890e-01   3.3819908e-01
   2.4542037e-01  -1.1759371e+00
  -1.6703562e+00  -5.4932142e-02
   1.0552884e+00  -7.7194789e-01
   2.3277151e-01   2.5106165e-01
   1.0277792e+00  -6.3307626e-01
   1.0087663e+00  -7.2997548e-01
   1.1039334e+00  -1.8834778e+00
   2.7618588e-01  -7.4970116e-01
  -1.6388297e+00  -8.9501944e-02
  -1.2814059e-01  -1.0713211e+00
   1.6077457e-01  -6.4733039e-01
  -5.0560701e-01   2.1149730e+00
   2.7080503e-01  -7.1050776e-01
  -1.6831545e+00   9.3368102e-02
   2.6097861e-01   4.8558557e-01
   2.6407388e-01  -2.7419022e-01
   1.7313452e-01   1.5432004e-01
   7.6309560e-01   2.4237113e+00
   1.0149963e+00   1.6479778e+00
   1.1546951e+00  -8.0154160e-01
  -1.4749965e+00  -1.2955794e+00
   1.0555118e+00  -1.1507904e+00
   1.1051343e+00  -2.9340715e-01
   1.0516254e+00  -1.7575834e+00
  -1.9411351e-01  -2.4154030e+00
  -5.0079892e-01   5.8080087e-01
   1.0964283e+00  -1.2441863e+00
   1.6427069e-01   7.4390663e-02
  -1.4932927e+00  -1.3209208e+00
   1.1363393e+00  -4.6134892e-01
  -1.6523772e+00  -2.2605032e-01
   2.5607526e-01  -7.5624799e-02
   8.5872366e-02   6.0161666e-02
  -2.1314040e+00   8.8222311e-01
  -1.5908042e+00  -1.1902987e-01
   3.6134272e-02  -3.5928399e-01
   1.4203719e-01   5.5489717e-01
   3.0091723e-01  -1.4276273e+00
   2.8961037e-01   1.0293303e+00
   2.4394051e-01   7.4197799e-01
   1.2598726e-01   1.3196538e-01
   1.7136102e-01  -1.0651993e-01
   1.0375501e-01   2.3651327e-01
   1.0331430e+00   1.2569035e+00
  -6.5762470e-03  -8.7318414e-02
  -8.9307555e-01   1.5970211e+00
   1.0924897e+00  -8.1187584e-01
  -4.8382482e-01   6.1121252e-01
   9.9502294e-01   2.4283861e+00
   1.0436513e+00  -5.4250613e-01
   1.0961724e+00   3.9593721e-03
  -1.6305614e+00  -2.8519177e-01
   1.0890985e+00  -5.8225862e-01
  -2.1107293e+00   1.1139837e+00
   1.1356745e+00   1.5911025e+00
  -1.6738415e+00   4.3351966e-02
  -4.9535303e-01   2.1084321e+00
   1.2444291e+00  -2.8949904e-01
  -1.4533079e+00  -1.3572201e+00
   2.8714877e-01   7.4815334e-01
   8.6303604e-01   1.2614538e+00
   1.1443469e+00  -3.1809947e-01
   1.5907167e-01   2.1768627e-01
   1.8783028e+00  -6.6116649e-01
  -1.5034842e+00  -1.3611874e+00
   3.2247777e-01  -6.4372540e-01
   9.1055382e-01   2.5689585e+00
  -9.3025168e-01   1.5583336e+00
   9.8404249e-01  -1.3834757e+00
   2.5588251e-01   7.4835929e-01
  -1.4850289e+00  -1.1087841e+00
  -8.7976480e-01   1.5924933e+00
   3.1488907e-01  -4.7839941e-01
   9.8122829e-01   1.6461399e+00
   1.0878062e+00  -1.2946980e+00
   9.6533324e-01   1.9185963e+00
   1.2223341e+00   8.2980492e-01
   2.5536393e-01  -3.0901160e-01
   9.4550847e-01   1.3113864e+00
  -1.2535279e+00  -2.5929189e+00
  -1.6073453e+00  -1.8867361e-01
   1.0703380e+00   1.3746055e+00
  -4.7869584e-01   1.9753401e+00
   2.8621648e-01   9.1091756e-02
  -1.2863563e+00  -2.8399069e+00
  -1.7085802e+00   5.1768796e-02
   1.1195143e+00   7.9296246e-01
  -1.4651568e+00  -1.2069862e+00
   2.9323697e-01  -2.8927812e-02
   3.2678438e-01   1.0609975e+00
  -1.6855768e+00  -1.3440264e-01
  -8.8688121e-01   1.3572356e+00
   1.6505772e-01  -6.1480507e-01
   1.0414568e+00   5.0340436e-01
  -1.6380068e+00   2.4345756e-02
   1.0269562e+00  -1.1342167e+00
  -4.9160541e-01   2.1549489e+00
   1.0215726e+00  -8.1572460e-01
   2.0237061e-01   9.9137802e-01
   2.1072981e-01  -4.3136066e-01
   2.1309389e-01   7.7451047e-01
   1.8791086e+00  -8.6114219e-01
   1.1954074e-01  -7.3359435e-01
   1.3903935e-01  -9.5352731e-01
   2.5397346e-01  -6.8846656e-01
  -8.7133227e-01   1.5510942e+00
   1.4140676e-01  -3.0462223e-01
   9.5967513e-01   1.3301218e+00
   3.2845678e-01   3.1286813e-01
   2.6173726e-01   8.9176211e-01
   1.1472229e+00  -5.4510347e-01
  -1.6603119e+00   2.5892202e-01
  -1.4940558e+00  -1.1255649e+00
   1.8689179e+00  -1.0259273e+00
   1.2325898e+00   2.0966443e-01
   1.0766099e+00   1.1330020e+00
   1.1163473e+00  -9.1559165e-01
  -1.6800267e+00   2.6582097e-01
   3.4501758e-02  -3.2790178e-01
   1.2606164e-01   2.5075875e-01
   2.1352093e-01  -2.5061653e-01
   1.0879266e+00  -7.2537849e-01
  -4.7685599e-01   2.2544234e+00
  -1.4265923e+00  -2.8637296e+00
   9.9848985e-01  -8.0461436e-01
  -2.2536583e-01  -1.6017448e+00
   2.1269623e-01  -4.6444056e-01
   3.0741521e-01   7.2672968e-02
  -1.6346610e+00   4.7310966e-02
   1.0664257e+00   1.9160559e+00
   1.6968955e-01   5.4439143e-01
   1.1323310e+00   6.3349175e-01
  -1.4375472e+00  -1.2733220e+00
   1.0184914e+00  -1.0377640e+00
  -1.6852639e+00   2.3671276e-01
   2.1076761e-01  -1.1031084e-01
  -1.7022013e+00  -5.5742884e-02
   1.8212300e-01  -2.4464148e-02
   2.2056638e-01   2.5911219e-01
   1.1981719e+00  -5.6363540e-01
  -1.6584614e+00  -1.0189958e-01
   4.6184280e-02  -5.4877319e-01
   2.4314235e-01  -1.3321467e+00
   1.8971328e+00  -3.2898217e-01
   2.8749513e-01  -5.9434785e-01
  -1.6481197e+00  -2.2607147e-01
  -9.2860242e-01   1.3141334e+00
  -1.7250485e+00  -8.6039708e-02
  -1.4656863e+00  -1.1085822e+00
  -1.4653188e+00  -1.0809010e+00
   1.4452090e-01   2.7267540e-01
  -5.0807581e-01   1.9758835e+00
  -1.5934121e+00  -9.6003029e-03
   1.1553744e+00   1.2801742e+00
   1.5031921e-01  -3.9115485e-02
   1.0858718e+00  -1.3806396e-01
  -1.4495000e+00  -1.2398188e+00
   1.1222226e+00  -2.6225881e-01
  -1.2776971e+00  -2.6141949e+00
  -1.7087385e+00   2.8725058e-01
  -5.0226559e-01   2.0135837e+00
   1.0423119e+00   1.4881473e+00
   1.0765446e-02  -9.7106108e-01
   9.4664907e-01   1.6435294e+00
   1.0974182e+00   1.1539787e+00
   2.4371017e-01   4.4753148e-01
   1.4909862e-01   3.0197627e-01
  -1.6887031e+00  -1.5221261e-01
  -8.9649860e-01   1.3958145e+00
  -2.0650185e+00   1.1614592e+00
  -1.6530963e+00  -3.9412749e-01
  -1.4072275e+00  -1.2240610e+00
   2.3274413e-01   8.1501205e-02
   1.4712340e-01   3.3802142e-01
   2.4465516e-01   1.1180908e+00
  -1.6509886e+00   7.4274205e-03
  -1.4160127e+00  -1.1883420e+00
   1.1557833e+00  -7.6365131e-01
  -1.6292165e+00  -2.8946619e-01
  -4.3013963e-01   2.2393460e+00
  -2.1326747e+00   1.3111607e+00
   1.0990975e+00   8.1966771e-02
   3.7068971e-01  -5.9874909e-01
   1.5413531e-01  -3.8649417e-01
   1.1876523e+00  -8.2272492e-01
  -1.7228298e+00   1.4993771e-01
   7.9156896e-01   1.8813590e+00
   2.1117676e-01   4.8519137e-01
   1.0297336e+00   1.3829799e+00
  -1.4554627e+00  -1.4805362e+00
  -1.6591097e+00   9.4590436e-02
   1.1314900e+00  -3.5902921e-01
   1.1491452e+00   2.5662812e-01
  -1.6450102e+00  -7.1895109e-03
   2.3300621e-01   2.8958178e-01
   1.7174445e-01   8.9423708e-02
  -1.5341367e+00  -2.3848250e-01
   1.1316900e+00   6.3036559e-01
   1.1999404e+00   1.1493824e+00
   1.0474965e+00  -6.5172266e-01
   2.3146879e-01  -3.9231961e-01
   1.6122114e-01  -9.2098260e-01
   3.2422114e-01  -1.3203627e+00
  -1.6481330e+00   4.1772997e-02
   1.3662809e-01   2.0182685e-02
  -1.3473540e+00  -2.6984042e+00
   1.4966315e-01  -2.5885153e-01
   7.9588555e-01   2.1619131e+00
  -9.1219242e-01   1.4610512e+00
   3.6047739e-01   9.1009995e-01
   1.8653265e+00  -1.0890929e+00
   2.2955947e-01   6.3105802e-02
   1.1187958e+00   8.4882851e-01
  -1.0365499e-01  -9.2715053e-01
  -8.9551624e-01   1.5499660e+00
   1.7318550e-01  -9.8463878e-01
   2.3532860e-01   4.9003669e-01
   1.0616055e+00   1.2022443e+00
   1.0285931e+00  -1.0275616e+00
   2.2296442e-01   1.0521134e+00
   1.0505822e+00  -8.1889147e-01
   1.1897306e+00   4.5966126e-01
   1.0288826e+00  -9.2032154e-01
  -1.3800337e+00  -1.0935995e+00
   1.2067235e+00  -9.9944794e-01
   1.6525049e-01  -3.3235739e-02
  -1.7019740e+00   3.1964591e-01
  -5.2946241e-01   5.3339754e-01
   1.2328377e+00   1.4454614e+00
   1.1093576e+00  -8.0460245e-01
  -5.5005765e-01   6.3853302e-01
  -1.7104810e+00  -3.7056059e-01
   1.2073447e-01  -2.5006282e-02
   1.4711352e-01  -1.7032106e-01
   9.5848493e-01  -1.4286847e+00
   1.8894925e-01   7.2721268e-02
   9.9565385e-01   1.7608538e+00
  -4.6325922e-01   1.8986391e+00
   2.1929219e-01  -6.2979718e-01
   5.6968680e-01  -1.5116724e+00
   4.9192691e-01  -1.5863569e+00
   2.2988942e-01   9.9917356e-01
   1.8328055e-01   3.8879465e-01
   2.4192286e-01   8.4424121e-01
   2.5870670e-01  -8.9009580e-01
  -1.3049128e+00  -2.6577685e+00
   9.3692595e-01   6.7644402e-01
   5.0621094e-01  -1.6751066e+00
   5.7476887e-01  -1.5708700e+00
   2.3519295e-01   6.7159864e-02
   1.1340056e+00   6.4157911e-01
   1.9428811e-01   9.7060846e-01
   1.9485515e-01   1.5933079e-01
   1.1586676e+00  -1.3285476e-01
   1.1033947e+00   1.0857214e+00
   1.0157165e+00  -7.2887632e-01
  -1.6971101e+00   4.8658835e-02
  -1.2875563e+00  -2.6186423e+00
   1.0678442e+00   1.3332861e+00
   1.4533973e-01   6.6265825e-02
  -1.4099096e+00  -1.1637620e+00
   1.7826117e-01   7.9935566e-01
   2.0149574e-01   9.1311427e-01
   2.4338827e-01   1.0831395e+00
   1.2153503e+00   5.9536656e-01
  -1.6950137e+00   3.3890537e-01
  -8.8395666e-01   1.4213227e+00
   1.0276601e+00   1.4648431e+00
   2.8848997e-01  -2.4656144e-01
  -4.8492135e-01   1.9675447e+00
   1.2153564e+00  -1.0602275e+00
   1.7909885e-01   2.8994990e-01
   1.1331099e+00  -3.4316081e-01
   1.2967528e-01  -2.8004838e-01
   2.9015941e-01   3.3690234e-01
   6.9602164e-01   1.3072949e+00
  -1.5073648e+00  -1.2631205e+00
  -2.1086378e+00   1.3035620e+00
   2.6796175e-01   1.1226040e+00
   1.0531890e+00  -1.2267694e+00
  -1.7162403e+00   2.5078893e-01
   1.1893910e-01  -4.5563699e-01
   2.6802830e-01   3.5258167e-01
  -4.3016219e-01   2.0658146e+00
  -1.8653525e-01  -8.1650625e-01
   2.7074113e-01  -1.0793497e+00
  -9.0095214e-01   1.4335490e+00
   1.5430269e-01  -3.9984245e-01
   1.0096940e+00  -4.6503631e-01
   1.5982816e-01  -6.7616953e-01
  -9.1841193e-01   1.4666365e+00
   1.0979290e+00  -5.4433530e-01
   1.8978178e+00  -3.6444895e-01
  -5.6713461e-01   3.3702609e-01
  -4.7426105e-01   3.5626783e-01
   2.9430241e-01   1.1942542e+00
   1.1413896e+00  -7.4994544e-01
   1.0527735e+00  -1.3357055e+00
  -2.1385103e+00   1.0844995e+00
   2.3103711e-01   5.8268117e-01
   1.0952820e+00   3.0799737e-01
  -4.4475995e-01   1.9491631e+00
  -1.4581483e+00  -1.2486051e+00
   1.1883867e+00  -9.3973147e-01
  -9.2357067e-01   1.4334328e+00
   1.9554618e-01  -5.1413345e-01
   6.1437860e-02  -4.9916575e-01
   1.1974710e+00   2.2038259e-01
   1.2077417e+00   4.6749184e-01
   2.9333290e-01   3.6348703e-01
  -1.7420880e+00   3.8733465e-01
   1.3933703e-01   3.1575330e-01
   1.1470503e+00  -7.1421622e-01
  -1.4184494e+00  -1.0829746e+00
   1.1059265e+00   1.2788760e+00
  -2.0866659e+00   1.0946731e+00
  -1.5947294e+00  -3.1463146e-03
  -1.7392268e+00   4.1279923e-02
   1.5926515e-01  -1.9713460e-01
   1.1006581e+00  -9.5482721e-02
   1.1191499e+00  -1.0292156e+00
   1.1781564e+00  -8.6163340e-01
  -3.9946015e-01   1.9426367e+00
  -9.1850716e-01   1.4424477e+00
  -1.7411599e+00   4.8102688e-01
   1.5746414e-01   4.2820801e-02
  -4.2883518e-01   1.9769518e+00
  -2.1020851e+00   1.2149394e+00
   1.1542880e+00  -4.1812052e-01
   1.7867241e-01  -8.6112816e-01
   1.1154030e+00  -2.0533275e-01
   2.4007022e-01   3.9038248e-01
   9.8792217e-01   1.6634679e+00
  -1.3255804e+00  -2.6074180e+00
   1.1176227e+00   1.2728493e+00
   1.1016260e+00  -1.3471115e-01
   1.1365158e+00  -8.4112793e-01
  -1.4161782e+00  -2.8532193e+00
   1.0329892e+00   1.1841826e+00
  -8.9802037e-01   1.7055529e+00
   1.8944389e+00  -7.9485956e-01
  -1.4331805e+00  -1.2183826e+00
  -1.3466966e+00  -2.7014357e+00
  -1.6509696e+00   7.7500916e-02
   1.2622456e+00   4.6302830e-01
   1.1278010e+00   1.4403260e+00
  -1.6685372e+00   1.1292318e-01
   1.0771382e+00  -7.2423474e-01
   1.7064529e-01  -4.6218359e-01
  -1.6665680e+00  -4.7546463e-02
  -1.1392602e-01  -4.8822301e-01
  -1.6993414e+00   1.3302722e-01
  -2.1029041e+00   1.3433166e+00
   7.8269483e-01   1.7656274e+00
   2.2587996e-01  -9.2723481e-02
   1.0746547e+00  -8.0970112e-01
  -9.3035402e-01   1.4150450e+00
   2.4764302e-01  -3.1498988e-01
   1.1002997e+00   2.1087957e-01
  -4.0074642e-01   2.1366877e+00
  -1.7220481e+00   2.6776135e-01
   1.0290226e+00  -8.5001427e-01
   1.0931081e+00   5.5678098e-01
   2.5749271e-01   3.0904467e-01
   3.3649304e-01  -9.3698051e-01
   1.0699647e+00   8.4691185e-01
   1.1370999e+00  -1.1643978e-01
   1.0880989e+00  -5.5603659e-01
   3.3072881e-01  -6.3999416e-01
   2.3888428e-01  -6.8936774e-01
  -1.7096044e+00   1.9345422e-01
   1.1364580e+00  -5.8756272e-01
   8.5073710e-01   1.9574532e+00
   1.0388718e+00  -1.0240582e+00
  -1.2956340e+00  -2.6189724e+00
   2.8220076e-01  -5.3510024e-01
   1.5410224e-01   3.5171623e-01
   1.0599189e+00  -7.9035884e-01
  -2.1042310e+00   1.3612281e+00
   2.5999055e-01  -3.8517341e-02
   1.0981852e+00  -1.0725590e+00
   1.0893418e+00  -1.4497245e+00
  -2.5800126e-01  -3.9141736e-01
   1.1226923e+00   5.0592316e-01
   9.0160947e-02  -7.3792811e-02
  -5.1855761e-01   2.1581343e+00
  -1.6993995e+00  -1.4815741e-03
   1.2328001e+00  -2.3181171e-01
   1.5084712e-01  -1.7292942e-02
  -1.6147844e+00  -7.7786306e-02
  -9.4082815e-01   1.5819725e+00
  -4.1965922e-01  -1.1157995e-01
   1.1375815e+00  -1.1776663e-01
   8.8176713e-01   2.0291568e+00
  -1.4121734e+00  -1.1712521e+00
  -1.3151201e+00  -2.6157448e+00
  -1.7569792e+00   1.4560236e-01
   1.1155204e+00  -4.1120917e-01
  -1.6623063e+00  -2.8200990e-02
   9.7717685e-01   1.0474893e+00
   1.0309581e+00  -4.2343077e-01
   1.9537111e-01   1.2567399e+00
  -1.3793680e+00  -2.7694168e+00
   1.1263275e+00   8.0461282e-01
   1.1661068e+00  -4.7304701e-01
   2.6072097e-01   1.0823718e+00
  -1.7187675e+00   1.2469821e-02
   1.5204158e-01  -5.3167616e-01
   1.8824330e+00  -6.1623189e-01
  -1.7244052e+00   2.9567493e-01
   1.5013131e-01  -5.5331277e-01
   1.0933307e+00  -1.2978667e+00
   1.1358299e+00  -7.0091722e-01
   3.8491881e-02  -5.2152442e-01
   1.2167948e+00   1.2225978e+00
   3.5685003e-01   4.8987167e-01
  -4.7508119e-01   2.0380345e+00
   2.2997319e-01  -7.2874099e-03
   2.3539953e-01   4.1925886e-02
   9.8971799e-01   1.1930832e+00
  -1.6667851e+00  -2.2636562e-01
   2.9343571e-01   2.8094855e-01
   3.0365740e-01   7.3026692e-01
   1.7180947e-01   3.5770294e-02
   1.2176596e+00   1.6053569e-01
   2.1531746e-01  -3.7556025e-01
  -1.4383952e+00  -1.1895973e+00
  -1.4351118e+00  -1.0736415e+00
  -8.8463955e-01   1.7070711e+00
  -4.1728169e-01   2.0449805e+00
   1.1713300e+00  -9.0839225e-01
   1.5563632e-01  -8.5663983e-02
   1.9763563e-01  -6.4703702e-01
  -3.8400034e-01  -3.0136969e+00
  -1.6945685e+00   2.5559659e-01
  -2.1008684e+00   1.1760489e+00
   1.8364833e-01  -3.3014091e-02
   1.1582710e+00   1.0819974e+00
   1.0892055e+00  -7.5114235e-01
   1.5922003e-01  -2.1760291e-01
  -1.6244728e+00  -2.2018440e-01
   1.2702349e+00  -4.6359056e-01
  -1.2828364e-01  -9.3982753e-01
   1.0358133e+00   1.2144740e+00
   1.5291142e-01   1.3029467e-02
  -1.4473460e+00  -2.8562145e+00
   1.0152882e-01  -2.0277111e-01
  -9.2313915e-01   1.3843765e+00
   2.1851865e-01   5.9646953e-01
   6.0078920e-01  -1.5270320e+00
   2.3169644e-01  -1.7692072e-01
  -1.6510974e+00  -2.3999828e-01
   1.0509952e+00  -1.0193703e+00
   1.1120728e+00   9.9494307e-01
   2.7117273e-01   1.0842952e+00
   1.1314070e+00   1.2204469e-01
   9.8505653e-01   2.2502277e+00
  -1.4081290e+00  -1.1615912e+00
   5.6284894e-02  -5.3543659e-01
   2.8168802e-01   6.9251076e-01
   1.1709699e-01   2.9967904e-01
  -1.4742741e+00  -1.0944801e+00
   1.0058009e+00  -1.6834439e+00
   2.1761292e-01  -2.9636980e-01
   9.5279852e-01   2.0282701e+00
   7.0905100e-01   1.2784010e+00
  -1.6913256e+00   2.0324916e-01
   1.8928999e-01   6.4693017e-01
   2.8846801e-01  -1.1346150e+00
   1.5504204e-01  -5.8515589e-01
   1.9074026e+00  -3.7348522e-01
  -1.6853822e+00   1.0846251e-01
   1.7915084e-01  -2.7364071e-01
   2.8266614e-01   9.1687236e-01
   1.5803955e-01   2.7313428e-01
   1.0653255e+00  -1.2577353e+00
   2.3288969e-01   6.9135282e-01
   1.0200189e+00   1.9646466e+00
   1.2235650e+00   1.5110046e-01
   2.5340588e-01   5.0529831e-01
   9.9910570e-01  -1.3228125e+00
   1.1769301e+00   7.0114191e-01
  -2.1250326e+00   1.0262978e+00
   1.0789062e+00   7.5797497e-02
   1.2145410e+00   9.5598676e-01
   1.1825301e+00  -5.8581788e-02
   9.3056174e-01  -1.3326471e+00
  -1.4078884e+00  -2.7507927e+00
  -1.6809097e+00   1.5631272e-01
  -1.6661686e+00   9.8354506e-02
   9.1286781e-01  -1.3602511e+00
   1.4932856e-01  -4.9627452e-01
  -1.3291154e+00  -2.7066404e+00
  -1.6656279e+00   1.8252993e-01
  -1.6987661e+00  -4.2917068e-01
   1.2596565e-01  -4.4568092e-01
  -1.7184371e+00   3.4086115e-02
   9.8538716e-01  -1.3064422e+00
  -1.4228756e+00  -1.2945336e+00
   1.9302747e-01  -7.7071809e-02
   1.9235440e-01  -2.8868925e-01
   1.7918952e-01   1.4817921e-01
   9.1608157e-02  -3.1020375e-01
   3.5632795e-01  -1.7737506e-03
  -1.6741497e+00   1.5691546e-01
  -1.6440031e+00  -2.3059236e-01
  -1.2865925e+00  -2.6799194e+00
   2.2682643e-01   5.7111172e-01
  -1.7014532e+00  -1.9229395e-01
   1.3143887e-01   1.0906534e-01
  -2.0698231e+00   1.4918557e+00
   1.4946367e-01   3.0665003e-01
  -2.0900408e+00   1.2223196e+00
   9.9645059e-01   1.8945977e+00
  -1.2910394e+00  -2.5963736e+00
   1.2238926e+00   1.2728739e+00
  -1.6251095e+00  -2.4243149e-01
   1.9545975e-01  -2.0027508e-01
  -1.3861104e+00  -1.1234570e+00
   1.3558682e-01  -1.8343711e-02
   1.1646742e+00   1.2936500e+00
   2.9022986e-01  -8.0165135e-01
   8.9934136e-01  -1.5131549e+00
   2.2359134e-01  -6.1207063e-01
   2.6093013e-01   1.0415856e-01
   2.6274639e-01   9.2232702e-01
   2.8254653e-01  -4.0162312e-01
  -5.4421835e-01   6.4446196e-01
   1.0895641e+00   1.4376518e+00
  -2.0926426e+00   1.1949151e+00
  -1.4906065e+00  -1.2165293e+00
   1.0099544e+00  -1.1923163e+00
  -1.4073617e+00  -1.2832993e+00
  -3.2199381e-01  -3.3094797e-01
  -1.7303436e+00   3.7427456e-01
   2.4177465e-01   8.8800235e-01
   1.1901066e+00   1.0672371e+00
  -1.7073091e+00  -8.5249789e-02
   1.1861366e+00  -6.1254596e-01
   2.6418595e-01  -8.2454119e-02
  -1.5169289e+00  -1.3294934e+00
  -1.7339670e+00   3.6052109e-01
   1.0466815e+00   1.6757028e+00
   2.0724993e-01   3.0290584e-01
  -1.6919580e+00   1.8431853e-02
   8.8967207e-01   2.1525675e+00
  -1.7202926e+00  -2.7550878e-01
   1.2186619e+00   1.2156973e+00
   1.0118521e+00   1.4582519e+00
   2.1393352e-01  -1.5538845e-01
  -4.6376298e-01   2.2329064e+00
  -1.6592604e+00  -3.5513816e-02
  -1.6185519e+00  -3.4870423e-01
  -8.7074382e-01   1.5794620e+00
   3.1291675e-01   8.2578876e-01
   1.7475361e-01  -9.3213168e-02
   1.8920812e+00  -6.0605476e-01
  -9.0009080e-01   1.5157320e+00
  -1.6732925e+00  -2.7500235e-01
   1.0609601e+00  -9.0783859e-01
   1.0671856e+00  -9.7729779e-01
  -1.6284438e+00  -1.8818198e-01
   1.8676447e+00  -1.2597589e+00
   1.0576253e+00   9.9880786e-01
   2.4369193e-01   1.0027371e+00
   1.1508655e+00   1.1991219e+00
   1.4874073e-02  -6.6508351e-01
  -2.8085979e-01  -2.6694349e+00
  -1.2271951e+00  -2.6185707e+00
   1.7473607e-01  -3.6662156e-01
  -1.4216765e+00  -2.7681352e+00
   1.0024342e+00   1.1057206e+00
  -4.2111779e-01   2.2285665e+00
   1.9561215e-01   9.6985563e-01
   1.8923327e+00  -4.5303408e-01
  -9.4848986e-01   1.5274200e+00
   1.1253955e+00  -5.9634076e-01
  -1.5964674e+00   7.4616241e-02
   1.8874588e+00  -4.9846569e-01
  -4.1311090e-01   2.2284579e+00
   2.2784986e-01  -4.3594796e-01
   3.0987351e-01   1.5876881e-01
  -1.3973943e+00  -2.7665310e+00
   3.1484998e-01  -3.6214986e-01
  -1.7143253e+00   2.1619446e-01
   1.0431923e+00  -1.0664450e+00
   1.7361385e-01  -2.1219783e-01
   6.6565819e-02  -4.7246348e-01
   6.1543441e-02  -3.9167263e-01
   1.1045931e+00  -1.8439503e-01
  -1.5052566e+00  -1.2083287e+00
  -1.5915150e+00  -4.2894319e-01
   1.8789726e+00  -8.7185026e-01
   2.0895821e-01   1.5320820e-01
   2.6038044e-01  -2.2453336e-02
   2.0366133e-01   3.6389606e-01
   1.0902994e+00  -3.8460119e-01
  -1.7271009e+00   1.4025158e-01
   1.1900656e+00  -2.7057936e-01
  -3.6457943e-01  -2.8956300e+00
   1.0843686e+00  -1.0607178e-01
  -9.2788394e-01   1.3999655e+00
   4.6304902e-02  -7.4848289e-01
  -1.6688521e+00  -5.8105566e-04
   1.2114986e+00   1.1908713e+00
   2.4539004e-01   3.1585573e-01
  -1.4497322e+00  -1.2912336e+00
   1.9607493e-01   4.9644771e-01
   1.8630895e-01   5.2809432e-02
  -1.3895334e+00  -1.1307521e+00
   1.3136238e-01  -5.2857033e-02
  -1.6572416e+00  -1.0298281e-01
   1.6877174e-01   1.0076818e-01
   1.3008691e-01  -3.1039098e-03
   5.1547509e-02  -4.4279900e-01
   7.6891949e-02   2.4249728e-01
   1.5293263e-01  -1.4962776e-01
  -1.6490660e+00  -6.4630182e-02
  -1.6999521e+00  -2.4314531e-01
   1.1511768e+00  -6.1929365e-01
   9.7749592e-02   6.9715397e-02
   1.3587605e-01  -6.2109274e-01
  -1.6802207e+00   3.1328722e-02
   1.9565160e-01  -5.1203268e-01
   2.5254437e-01   4.4668782e-01
  -1.7987291e+00   7.5549325e-02
   1.1224049e+00  -1.3383596e+00
   1.0597588e+00  -1.3890741e+00
   7.6494691e-02  -1.0690449e+00
   2.2858342e-01   4.2519728e-01
   1.1330020e+00  -6.8784702e-01
  -1.3410660e+00  -2.6975664e+00
  -1.2197154e+00  -2.5450998e+00
   1.5824281e-01   1.4649326e-01
   1.2062476e+00  -5.4356248e-01
   1.8289883e-01  -3.2084863e-01
   5.5621825e-01  -1.4936175e+00
   1.0381207e+00   8.3254394e-02
  -4.8179866e-01   2.0289711e+00
   7.8267169e-01  -1.5551013e+00
   7.8292397e-02  -3.3958178e-02
  -1.7549610e+00  -6.0214681e-03
  -2.1198807e+00   1.2079547e+00
   1.2025028e+00  -4.0090110e-02
   8.4589846e-01   1.6315718e+00
   1.9816389e-01  -7.5877131e-02
   1.5440482e-01  -5.0672482e-01
   5.8173265e-02   2.3620792e-01
   1.0433952e+00  -9.7222513e-01
  -1.6068602e+00  -2.4126106e-01
   2.1992448e-01   5.2350521e-01
   1.8824985e+00  -8.8463733e-01
   1.1052512e+00  -4.1550080e-01
  -2.1374987e+00   1.0971354e+00
  -4.3230358e-01   2.1669484e+00
  -1.6620273e+00   1.6779119e-01
   1.5726257e-01  -2.9118546e-01
  -1.7180510e+00   1.2022624e-01
   2.3871140e-01  -3.8714408e-01
   1.1366652e+00  -1.4253498e+00
   1.1087880e+00  -6.9720844e-01
   3.4108216e-01   6.9071047e-01
   1.0280445e+00  -1.5398552e+00
   2.5405920e-01  -1.0364028e+00
   1.1612789e+00  -9.1138835e-01
  -8.9420874e-01   1.5687163e+00
   1.5781448e-01   5.7386798e-01
   2.7744182e-01   4.2421350e-01
  -1.5849158e+00  -1.7011449e-01
   9.8987121e-02   2.0135542e-01
   8.9404849e-01   1.4728718e+00
   2.1654467e-01  -2.7049496e-02
   1.1008533e+00   1.2242554e+00
   9.8137585e-01  -5.2855179e-01
   2.1388315e-02  -3.5961100e-01
  -8.9347542e-01   1.4921101e+00
  -1.4575692e+00  -1.1626283e+00
  -1.7196764e+00  -6.1819216e-02
   1.0205141e+00  -5.7563114e-01
   1.7139929e-01   1.5531337e-01
   1.2203003e+00   1.3571490e+00
  -9.4164914e-01   1.4362821e+00
  -1.6815623e+00  -1.3817007e-01
   2.1675573e-01   2.1066367e-01
  -1.6781089e+00   2.0516238e-01
   2.0338942e-01   9.9056017e-01
   1.0822947e+00  -8.5873492e-01
   1.1626964e+00   1.3058395e+00
   1.1431129e+00   1.5392583e+00
   1.0853600e+00  -8.6501398e-01
  -1.6577568e+00   5.9937325e-02
  -1.6171583e+00  -1.2029893e-01
   2.6767972e-01  -7.5234823e-01
   1.4502405e-01   2.2267647e-02
   1.9746692e-01   3.7885341e-01
  -9.3474331e-01   1.5320008e+00
  -8.9015668e-01   1.5847181e+00
   3.1434560e-01   3.9830906e-01
   2.0701505e-01   3.0360014e-01
  -1.4485940e+00  -1.3729159e+00
   1.0994825e+00  -6.5095274e-01
   1.5629380e-01   2.1464394e-01
  -1.6544794e+00  -1.6033309e-01
   1.0968306e+00  -4.0513888e-01
  -1.6734151e+00  -1.1653671e-01
   1.0636197e+00   1.9352531e+00
   2.1507090e-01   3.7062743e-01
  -2.0865671e+00   1.4212390e+00
  -1.6801587e+00  -1.9266440e-01
   1.6346798e-01   4.3556658e-01
  -4.6020574e-01   1.9726524e+00
   8.5284645e-01   1.9943465e+00
   1.8504555e+00  -1.2627537e+00
  -9.0228758e-01   1.3497996e+00
   1.2228443e+00  -6.7221006e-01
  -2.1225147e+00   1.1969085e+00
  -1.6115891e+00   3.7658984e-02
  -1.7025590e+00  -1.5617911e-01
   1.1108858e+00  -9.4790086e-02
   3.2174016e-01  -3.2104673e-01
   1.1512878e+00   1.2327153e-01
   7.2972134e-01   1.8187662e+00
   2.7809626e-01  -6.3961062e-01
   1.0109123e+00   1.4336391e+00
   2.2731263e-01  -2.8787751e-01
   1.1197586e-01   4.0718773e-03
   3.0155717e-01   1.1685948e+00
  -1.2844908e+00  -2.6986061e+00
   3.4260332e-01  -4.2716420e-01
  -1.4154009e+00  -1.0916892e+00
  -1.3959105e-01  -1.5907274e+00
   1.6088850e-01   4.4837708e-01
  -8.8408307e-01   1.5881207e+00
   1.1521231e+00   2.4457167e-01
   3.1075914e-02  -3.7127248e-01
   9.4161087e-01  -9.3346209e-01
  -1.6198036e+00   5.2192674e-02
   1.0029392e+00   8.7537045e-01
   2.6421001e-01   1.1827450e+00
  -1.4246911e+00  -1.2420712e+00
   2.4156521e-01   2.9894986e-01
   1.1530247e+00   1.5784997e+00
  -1.6969945e+00   6.9682172e-02
   1.0636817e+00   5.4438663e-02
   9.5551525e-01   1.4608662e+00
   2.2639497e-01   9.6916517e-01
   1.2383778e-01  -2.0264812e-01
   2.2849156e-01  -3.3151934e-01
   2.3008338e-01   6.2966198e-01
   1.1039419e+00  -3.4183362e-01
   3.1264303e-01  -6.1183573e-01
   1.2058259e+00   8.1384701e-01
   1.3190232e-01  -2.9920449e-02
   1.2791489e-01  -4.2629971e-01
   1.9481436e-01   1.5424798e-01
   7.2070718e-01  -1.6104192e+00
   1.0915871e+00  -4.9963920e-01
  -1.5078257e+00  -1.2606104e+00
   8.3580938e-01   1.8440399e+00
  -1.3906990e+00  -2.7345490e+00
   2.2057756e-01   1.0068609e+00
   2.0380798e-01  -9.2762878e-01
   1.1963055e+00   2.6495803e-01
   2.5311602e-01   9.9299559e-01
   1.8106815e-01   8.7040543e-01
  -1.6773750e+00  -3.9973136e-01
   7.1998585e-02  -5.8590884e-01
  -1.7141351e+00   2.1703075e-01
   1.9433404e-01  -1.4050861e-01
   2.9125138e-01   1.1664669e+00
   1.1548507e+00  -6.0966077e-02
  -1.4352188e+00  -1.2407110e+00
